54
11
65
95
27
24
7
58
66
27
14
53
33
55
35
72
77
89
75
38
53
62
58
17
41
17
23
87
55
56
38
64
91
77
95
25
83
13
91
11
66
56
26
21
19
46
92
62
75
18
78
83
6
6
88
33
99
36
92
0
66
68
73
73
39
15
47
66
79
16
69
75
54
65
17
92
12
29
80
78
9
53
88
4
89
66
62
52
38
34
21
42
23
90
3
17
97
0
85
20
45
65
77
85
93
72
90
94
26
63
47
92
52
18
38
53
16
26
33
45
90
34
80
54
6
66
69
21
2
90
8
61
87
97
3
67
80
20
59
87
80
93
42
71
99
33
72
94
61
18
12
61
48
98
59
70
12
82
33
89
49
15
85
16
55
27
16
62
31
64
38
76
66
22
67
4
39
38
81
20
26
59
91
96
24
16
67
92
19
5
94
8
70
80
44
1
39
64
27
13
53
18
48
80
96
22
37
23
99
25
18
69
85
25
23
17
9
46
8
62
85
28
0
79
43
50
61
48
33
51
12
1
74
28
65
10
74
90
93
11
68
86
4
55
24
86
83
57
60
82
58
2
88
21
76
34
49
75
91
29
79
53
4
10
3
91
40
4
40
37
49
70
6
40
12
57
77
33
39
27
24
5
84
71
45
96
76
72
14
88
24
37
59
21
53
83
72
27
23
46
50
28
56
53
72
9
61
19
54
3
83
53
2
91
68
90
41
8
51
98
62
9
50
30
87
51
33
21
84
28
84
6
72
10
70
35
90
15
62
97
89
58
36
97
1
88
48
29
70
29
38
64
33
70
69
26
41
60
56
56
55
10
96
17
70
35
3
22
53
55
94
36
73
98
9
39
50
96
41
53
46
3
35
17
17
30
63
80
3
75
84
20
6
53
30
32
56
64
36
98
77
65
26
34
29
38
46
0
0
19
70
55
16
88
37
6
69
79
54
72
72
28
55
48
5
1
0
38
70
28
4
93
81
69
18
85
11
66
12
20
0
81
16
18
11
9
40
39
71
83
68
83
40
12
97
72
11
57
60
67
44
64
28
45
98
7
17
4
90
70
22
71
58
1
0
26
29
64
28
55
27
52
3
7
14
51
12
46
1
35
19
91
34
11
6
66
3
35
33
43
14
43
0
52
61
81
4
23
13
40
74
87
18
52
43
98
24
71
98
56
74
9
5
62
80
78
36
45
53
81
64
94
75
49
50
88
97
15
4
41
70
14
21
95
80
65
22
54
33
99
90
78
71
17
38
16
99
67
58
86
55
5
39
1
76
71
1
74
95
48
30
37
74
85
26
50
36
57
38
9
33
44
80
14
67
5
57
30
53
41
98
1
30
19
29
49
59
33
40
35
27
69
72
62
12
33
27
65
18
5
20
66
60
80
81
66
7
38
3
71
27
17
90
45
41
6
60
36
3
40
7
3
60
40
95
67
64
15
94
96
87
25
0
73
70
38
88
98
78
56
68
58
73
10
81
35
53
67
50
76
0
43
55
34
90
14
23
14
33
23
91
94
75
77
62
63
95
59
5
88
49
63
32
25
32
29
19
75
33
51
92
96
30
74
18
31
63
55
92
50
1
31
0
0
1
28
73
6
15
14
20
53
95
7
30
32
66
44
37
60
70
0
30
0
5
14
19
62
28
71
29
52
87
85
51
17
98
60
95
0
2
68
74
92
25
16
96
25
65
6
6
39
76
15
56
44
53
66
7
89
31
61
87
38
27
41
87
71
53
12
2
68
84
84
98
27
59
66
0
13
59
16
26
7
70
8
9
57
30
67
96
66
0
75
58
82
73
14
68
32
83
31
90
34
77
46
48
55
0
88
55
89
82
17
70
94
44
27
62
33
20
20
92
30
98
48
6
62
37
80
3
0
3
59
53
66
49
35
37
88
64
32
56
96
96
46
80
57
3
32
79
26
67
38
6
52
30
75
66
48
79
80
91
84
86
58
45
48
80
30
32
61
44
64
13
58
3
10
34
51
39
23
88
15
40
76
71
17
88
73
56
43
27
25
40
84
67
49
99
17
74
48
41
3
44
50
48
7
69
73
12
2
27
36
68
96
73
18
25
73
6
47
70
88
37
72
62
52
87
32
91
15
16
68
64
21
23
44
34
67
92
72
72
19
20
46
81
85
51
17
71
71
87
7
77
33
1
24
82
79
81
99
61
80
64
43
50
85
46
23
71
35
90
66
52
49
93
11
97
71
74
64
89
4
85
26
56
35
79
69
23
62
62
50
80
39
51
87
82
0
